18 0 18 45
33 12 45 67
57 10 67 73
61 12 73 94
64 30 94 106
70 36 106 114
74 40 114 136
104 32 136 155
114 41 155 170
115 55 170 199
115 84 199 212
116 96 212 220
117 103 220 243
118 125 243 251
186 65 251 273
193 80 273 290
202 88 290 317
212 105 317 339
218 121 339 362
221 141 362 391
228 163 391 407
233 174 407 413
236 177 413 423
252 171 423 428
252 176 428 435
259 176 435 464
261 203 464 473
283 190 473 481
283 198 481 492
289 203 492 520
291 229 520 540
314 226 540 556
317 239 556 578
321 257 578 594
328 266 594 612
335 277 612 632
340 292 632 652
366 286 652 662
369 293 662 677
379 298 677 696
390 306 696 711
395 316 711 718
412 306 718 739
414 325 739 757
418 339 757 775
449 326 775 800
459 341 800 827
464 363 827 850
469 381 850 867
480 387 867 873
486 387 873 898
